-14.8618 8.13383
-11.2326 9.762
-12.4906 8.912
-12.0059 10.8369
-13.0848 11.6966
-13.5125 10.2938
-14.3951 12.0993
-15.1194 10.7984
-15.8722 11.9662
-17.0958 11.3999
-16.6796 9.9331
-18.0772 10.4231
-18.5734 9.27084
-17.2307 8.08307
-18.7581 8.0419
-18.5365 6.83217
-17.9804 5.723
-16.6946 6.05508
-16.8375 4.63007
-15.451 4.23165
-15.1736 5.6926
-13.5203 6.16179
-14.0981 4.34539
-12.8549 4.76318
-11.8366 5.65835
-12.2232 7.18313
-10.9614 6.96678
-10.9762 8.414
12.9311 10.0001
9.54917 12.9472
10.7906 16.4364
8.79394 19.455
10.9261 23.8947
9.87117 27.7541
4.93657 28.1423
3.36157 29.9347
0.59604 34.2755
-3.78587 32.3356
-4.95391 35.2251
-8.1358 37.8612
-11.6991 37.1166
-15.0848 36.8944
-18.4829 37.2244
-21.5032 34.1025
-24.4244 31.7353
-28.5608 33.6295
-31.0695 29.1191
-32.4909 27.2744
-32.658 23.1125
-33.3951 19.9918
-34.5408 17.2841
-36.2235 14.7989
-40.3692 12.9688
-38.0275 9.5347
-43.773 6.54848
-44.295 3.08835
-41.4053 0.0377816
-42.1309 -1.89222
-40.2184 -5.12233
-37.7806 -6.31067
-36.8672 -10.1008
-32.2447 -10.3659
-30.844 -12.1337
-28.4164 -16.4957
-24.287 -14.5288
-21.4463 -16.8108
-18.5074 -19.8706
-15.1706 -19.5291
-11.8532 -19.7616
-9.66951 -14.8363
-5.25686 -17.9581
-4.13962 -15.1079
-2.82393 -12.0946
2.90435 -12.8592
4.46711 -11.1072
9.36799 -10.7369
10.5191 -6.90962
9.4826 -4.67115
11.3475 -1.52516
10.5948 0.364167
13.4467 3.31191
12.8997 6.69483
18.0393 9.48004
16.0897 11.9413
16.3653 14.4937
22.1267 19.1223
15.2359 19.5663
13.8809 22.0369
19.5845 28.7256
11.6146 27.2206
10.2285 28.3902
7.6309 30.8331
6.39902 32.1281
3.63755 33.0716
2.8802 36.3554
1.7312 37.8911
-1.17436 37.2326
-3.6716 38.6178
-6.14708 40.159
-7.258 47.7472
-10.4772 47.4182
-13.5694 49.8623
-16.732 47.1934
-21.0355 57.2146
-22.9837 47.749
-25.9748 45.7283
-26.4851 38.7082
-28.9946 37.3573
-30.098 35.7836
-29.1532 29.3225
-31.339 28.509
-31.9795 26.0659
-34.3536 25.3984
-35.1139 23.1679
-36.255 22.2491
-37.1633 20.1684
-38.1824 18.1586
-39.3272 16.1889
-40.6034 14.2259
-40.3484 12.1382
-40.1876 10.0992
-40.1299 8.08642
-40.1784 6.07491
-40.3304 4.03966
-40.5774 1.95793
-47.3998 -2.23018
-45.3825 -1.99386
-43.942 -4.44968
-49.5941 -10.6912
-48.1688 -13.9595
-54.2881 -21.2719
-52.9874 -25.8917
-56.9106 -35.3943
-47.2478 -31.2341
-37.3012 -24.662
-34.0263 -26.0513
-29.1045 -20.8139
-26.6033 -22.1672
-24.1342 -23.679
-21.4926 -23.2921
-18.128 -16.8191
-16.151 -18.3714
-14.1024 -18.3595
-12.1153 -16.7814
-10.0733 -16.9792
-7.97402 -17.2686
-6.00651 -16.0367
-4.02113 -14.9344
-1.70518 -15.4656
-0.789492 -14.2433
-0.185946 -11.6306
2.02438 -10.8833
3.01329 -9.85327
10.108 -11.8734
11.4982 -10.7043
12.5729 -8.06183
13.7712 -5.53188
22.64 -5.84609
22.2983 -4.16775
24.5597 -2.81423
24.0895 0.43161
18.1352 4.37998
