77.6185 144.726
81.0522 154.099
71.0881 155.654
68.3611 152.837
71.4695 140.562
84.2662 140.754
87.7188 148.11
85.9441 152.236
76.0968 154.062
58.8629 143.371
62.3554 149.611
61.0803 147.524
56.7553 144.773
53.7402 141.188
78.32 140.023
99.2161 139.163
89.1277 140.607
93.3999 140.374
109.136 139.795
109.249 140.035
107.812 141.371
78.1959 154.662
80.4999 153.909
79.313 154.671
78.0024 154.735
76.3022 155.962
67.5908 147.943
65.8476 143.282
71.4326 140.987
74.9887 140.229
77.6365 140.495
79.8238 140.407
82.1011 140.094
86.6867 139.397
89.5001 143.664
89.5001 143.664
