48.1242 55.7119
50.7667 56.1949
49.9511 57.0121
50.6742 57.1802
49.4365 56.2656
49.7828 58.0177
48.9192 57.5659
48.8098 58.4468
47.9137 58.5017
47.7977 57.3303
47.1989 58.0994
46.4679 57.916
45.8527 57.3733
45.8163 56.5927
46.76 56.4877
45.3186 56.0034
45.3579 55.1378
46.3207 55.2067
45.7388 54.345
46.1458 53.6177
47.3452 54.461
46.9267 53.5996
47.375 52.8885
48.0747 53.4671
48.6702 52.9192
49.006 54.2251
49.4534 53.3276
50.121 53.8444
50.6142 54.5283
49.8435 55.1179
50.872 55.3804
66.8929 56.5716
67.0231 57.7524
67.5973 60.1998
68.5198 62.9408
66.4278 63.7864
65.3687 66.1889
63.8151 67.0324
63.4581 69.9082
62.2689 71.0542
61.1815 72.3778
58.4267 73.1419
57.5292 74.9793
54.5783 73.7637
52.3979 75.6771
51.1189 75.3859
48.7208 75.0933
46.3573 75.2261
45.1187 75.4468
42.4145 76.1457
41.6003 79.0035
41.2597 79.7663
36.9485 71.6728
35.9829 70.2439
34.9067 69.003
31.43 68.8129
29.8677 67.7911
31.4219 64.4553
29.4829 63.6392
27.8211 61.3634
28.5606 58.7695
28.7866 57.5316
28.929 55.172
28.6438 52.775
27.9722 50.192
30.255 49.3333
29.0348 46.3653
30.8369 45.4837
31.513 42.7284
32.7861 41.7209
33.9268 40.6322
36.9013 40.3104
37.7779 38.7789
40.1979 37.689
41.0603 35.5811
43.7688 36.4823
46.1962 37.0384
47.3745 37.16
49.6617 37.0745
52.0603 36.5597
54.7042 35.6791
55.5464 37.8533
57.8812 39.0292
59.5741 38.2448
61.6099 41.1319
62.811 42.3215
64.1772 43.3813
65.7367 44.3577
66.7978 46.8779
66.1442 48.3703
67.8523 50.5689
67.1589 53.0776
66.8713 55.4052
77.0805 56.5453
77.1863 58.8672
71.5458 60.1493
75.6974 62.2477
70.4971 62.8906
69.4495 64.665
68.262 65.4331
68.7924 67.5187
67.7065 68.3112
66.987 70.2397
66.0111 71.0811
65.0755 71.9491
62.9813 72.5238
62.1419 73.4755
61.32 74.475
59.4315 75.2482
58.6405 76.3702
56.8235 77.3281
54.8562 76.9443
54.0552 78.2505
52.1606 78.0008
50.8661 83.3335
49.4355 79.2999
47.4385 85.1389
45.0988 85.2293
44.0193 83.452
41.6561 83.7184
36.9728 91.1089
35.6348 89.1782
32.5723 87.9063
25.977 97.186
24.3313 95.0856
22.4345 92.6826
24.3883 84.0363
17.1765 86.7668
15.3157 84.9612
13.3486 83.1765
18.5811 76.2021
16.6669 74.1368
16.5933 73.9063
14.6623 69.874
15.1702 66.6889
20.1546 63.4869
20.4637 61.0885
20.6796 58.7614
24.7175 57.3046
24.7468 55.439
24.6848 53.5705
26.1157 52.7084
25.9066 50.8391
25.6132 48.91
26.8832 48.1121
27.8695 46.3361
27.3607 44.2416
28.4472 43.4414
29.1702 41.5064
30.1428 40.6691
31.0746 39.8114
33.1734 39.2663
34.0083 38.3357
34.8236 37.3591
36.7137 36.6244
37.4958 35.525
39.3104 34.601
40.1086 33.3735
40.5692 28.1835
42.9425 28.518
43.9917 26.7855
46.344 26.946
48.6897 27.0051
51.8103 19.7903
53.3154 19.8251
55.8696 21.9567
58.047 21.2695
59.4777 22.939
62.7763 22.379
64.0683 24.1739
67.0268 25.5123
68.3277 27.1534
71.4502 28.2722
72.8479 29.7684
74.2915 31.2131
75.7898 32.6176
76.9351 35.7637
78.5834 37.1183
80.0298 40.3922
80.8123 42.4684
80.8127 42.4678
82.5828 46.4813
82.4409 48.0249
77.1999 51.8841
77.0882 54.2274
