159.941 20.2864
166.736 23.4264
164.737 25.9893
161.093 34.2368
146.149 50.3634
139.539 35.3815
143.674 22.288
151.263 15.7747
155.185 11.7944
158.613 9.19352
164.977 1.66477
177.568 3.64235
169.421 18.8133
168.68 20.2903
167.109 22.8039
166.817 22.8592
166.871 25.3538
165.207 26.9793
163.409 30.6832
160.687 36.0587
152.648 49.9541
145.13 47.1129
142.708 38.0112
141.748 31.9584
138.354 28.1934
142.741 22.083
148.1 18.8761
150.765 15.6174
152.483 15.4005
153.138 13.1966
156.469 9.94784
158.709 8.23952
161.688 6.4641
168.043 0.111424
185.922 -14.6424
176.702 7.66305
170.829 15.9152
170.651 16.5112
168.68 20.2903
168.943 20.8076
166.938 22.0257
166.257 23.4657
166.774 25.5749
165.635 26.6729
164.33 27.6846
163.415 28.7079
163.116 30.6168
161.407 33.1359
158.838 36.4553
153.526 45.9701
145.823 54.9276
142.959 48.927
143.427 39.7401
139.569 37.153
141.082 30.436
136.591 28.4019
143.1 23.2038
146.748 19.8399
149.46 17.8821
149.15 16.804
150.31 15.4838
151.743 13.5098
153.139 11.9501
155.023 12.5042
155.318 10.4571
157.409 9.76902
159.089 7.10519
161.566 6.57356
166.403 -0.115689
176.171 -9.16058
194.06 -24.9327
186.871 -12.9506
176.425 6.83303
172.163 13.4786
170.693 16.817
168.777 19.0433
