113.706 90.8939
119.742 92.274
119.104 95.1478
117.483 92.1045
117.189 94.5873
116.794 96.6152
114.646 94.9029
113.938 97.0121
111.823 96.5309
109.794 95.2044
108.183 93.3779
111.718 94.012
106.907 91.3406
109.614 91.7716
109.926 89.1375
107.47 89.6117
108.346 87.5931
109.382 85.9347
112.052 87.3729
111.315 85.0228
113.452 85.3427
115.279 87.4425
115.955 85.3068
117.868 86.5293
119.413 88.0445
117.481 89.2769
119.931 90.1892
123.352 91.5349
121.925 92.689
123.095 93.7719
120.674 94.0467
122.351 95.4253
121.119 96.218
119.569 96.8919
120.642 98.1813
119.026 98.6779
117.559 98.3248
117.144 99.9464
115.23 100.419
115.664 98.3616
114.136 99.2426
112.839 99.7017
111.347 98.4577
111.351 100.147
109.797 97.6068
109.31 99.348
107.964 98.0723
106.503 96.8263
108.229 96.1987
106.908 94.8442
105.302 95.0364
106.024 92.9832
104.322 93.3257
104.622 91.7376
104.603 90.251
104.155 88.6202
105.897 88.7341
105.037 87.0448
106.901 86.5157
105.369 85.3061
106.817 84.6991
107.916 83.917
108.386 82.5477
109.789 83.8296
110.409 81.8037
111.524 82.9303
113.013 82.5512
113.349 81.1749
114.548 83.6575
115.065 81.9611
116.737 82.1381
116.971 83.8623
118.691 82.8106
118.926 84.2217
119.583 85.6376
120.974 84.9755
122.055 86.3208
121.143 87.7643
123.141 88.2136
122.38 89.3224
121.894 90.681
136.092 91.801
136.216 93.1611
133.549 95.4854
134.043 96.8823
134.635 98.366
132.245 99.2001
133.064 100.838
136.667 106.706
134.643 107.986
129.072 105.733
127.87 107.073
125.794 106.003
124.869 107.641
121.935 105.817
122.309 108.69
119.935 106.965
118.724 106.46
118.004 108.595
115.806 108.048
114.742 107.914
113.693 107.875
111.619 108.091
110.507 108.333
109.751 106.111
108.597 106.554
106.078 107.639
105.31 105.947
102.245 107.831
100.27 108.763
99.0911 107.195
93.7923 109.528
91.9061 107.964
87.8716 109.119
84.8841 107.55
81.272 106.497
84.2938 101.494
87.1695 98.2632
87.7042 96.4011
88.1309 94.655
93.5938 91.3578
93.577 90.0795
93.4324 88.7966
97.2706 88.1738
96.5538 85.9447
98.5702 85.2955
97.9771 84.0349
99.677 83.4163
98.926 81.9903
100.324 81.278
101.521 80.4988
102.54 79.6018
103.414 78.5474
106.091 80.0395
106.672 78.8875
106.335 76.5623
108.337 78.0479
108.258 75.3526
110.842 77.1103
111.25 73.9071
112.332 74.0771
113.397 74.1525
115.484 74.0125
117.312 69.5179
118.75 69.1602
119.734 71.8035
125.105 65.5015
129.696 62.6709
132.035 61.4619
132.607 64.1909
134.962 65.8968
132.459 72.6173
134.312 74.1296
136.405 75.4937
135.272 77.8286
132.949 81.376
132.178 83.0217
134.554 83.9042
133.501 86.7478
133.134 88.0844
136.193 89.1499
