61.0832 -26.3637
82.6064 -12.6718
84.6918 -13.6371
72.5242 -10.1331
63.5673 -14.0717
56.0422 -15.6513
50.4108 -18.0427
40.2184 -19.5639
39.3206 -21.3928
18.6769 -31.6118
41.7456 -36.3411
51.873 -35.7951
57.8398 -35.5571
62.2573 -35.2867
64.9445 -34.7601
81.7707 -34.592
75.1619 -34.8792
98.2751 -26.0257
91.9543 -20.1674
91.7037 -18.1117
82.4333 -15.6409
77.6982 -12.5126
73.7394 -8.67302
67.8815 -12.3162
65.2292 -11.2381
62.9103 -14.0045
60.0262 -15.0016
60.3418 -14.3728
57.044 -15.8759
55.0758 -16.4752
53.1296 -17.7486
48.5026 -17.2401
45.1367 -19.2706
37.4973 -22.3687
23.8234 -27.9578
25.4066 -35.7934
48.1647 -34.752
44.1315 -34.8399
52.16 -35.1552
55.2441 -35.3089
57.4376 -35.5038
59.7497 -34.8358
61.2243 -34.639
62.1389 -35.7579
63.3485 -35.9014
65.6613 -35.2737
68.1762 -35.0619
70.6478 -35.5629
73.0759 -34.3714
79.5978 -34.0183
103.31 -33.7139
98.9758 -25.5306
97.5701 -23.8046
90.5779 -19.7688
88.639 -15.2939
81.9612 -14.0129
82.822 -10.1399
78.928 -9.60744
75.0079 -10.315
72.1931 -10.6612
67.891 -12.5257
65.5465 -12.971
63.65 -14.231
61.7029 -14.4156
59.894 -14.3362
57.7659 -14.4393
57.8096 -13.5591
56.0098 -15.4704
54.2433 -15.3659
54.0892 -16.1938
52.9589 -17.677
49.2755 -16.8758
47.6572 -18.6029
45.3695 -19.459
42.4903 -20.1267
38.4588 -22.0954
30.593 -24.7234
15.1673 -30.2004
15.6683 -35.6995
31.9926 -36.9607
41.4121 -35.1946
44.1721 -36.5255
49.3014 -35.9283
52.5582 -35.5677
55.4223 -34.8854
55.011 -35.338
56.9768 -35.2584
59.3109 -34.919
58.2222 -36.0871
60.2188 -34.3616
61.4729 -34.2718
63.0742 -36.0771
64.1781 -35.2218
65.6047 -35.1861
66.7093 -34.1851
70.3981 -35.948
70.1206 -34.9673
72.9683 -34.6655
78.1921 -34.9841
89.8566 -35.0629
101.933 -33.7097
108.204 -30.1769
