125.295 0.936679
133.492 2.57563
139.043 3.91564
129.915 7.80092
136.397 7.24488
134.131 10.5229
128.587 13.5765
124.958 11.5128
120.71 14.0156
121.439 7.8769
117.203 11.0776
116.131 6.34758
112.513 4.67209
108.981 1.13939
112.902 -1.98337
112.902 -1.98337
117.945 0.435071
116.685 -7.03254
118.986 -11.5688
123.764 -11.5877
121.343 -6.56261
127.234 -7.48578
128.569 -12.4549
132.422 -9.8959
132.161 -4.2895
136.382 -6.90203
138.339 -1.49148
138.339 -1.49148
142.56 3.06882
145.563 4.58864
140.303 6.49955
140.377 8.29981
139.259 9.41494
136.197 10.8703
136.197 10.8703
134.766 13.7432
132.52 15.3165
133.23 14.1612
130.983 17.2269
126.324 17.1813
129.367 16.6442
126.79 20.9772
123.254 21.0563
119.553 20.8872
122.283 17.3549
117.706 18.342
115.901 14.9534
114.237 18.8581
112.008 16.1941
112.996 11.1622
109.851 13.8101
107.535 11.0774
110.158 8.61587
108.37 4.89417
105.83 7.20805
105.117 2.6138
105.943 -2.40383
105.943 -2.40383
109.024 -5.47652
107.083 -8.26302
112.093 -7.73611
112.741 -8.70961
116.5 -8.63025
116.523 -8.71134
119.169 -9.76515
119.169 -9.76515
121.317 -11.5691
123.723 -12.0317
122.01 -12.1012
126.24 -12.2921
125.267 -12.5696
128.376 -13.1368
130.336 -14.9064
132.925 -14.1917
133.102 -13.5231
137.881 -14.9924
136.649 -11.252
140.494 -12.6029
142.985 -9.90327
140.179 -7.85821
144.866 -6.23096
142.276 -4.17919
145.208 -0.690382
145.208 -0.690382
149.103 1.09584
144.491 2.4103
144.862 3.85808
141.076 4.59007
139.413 6.34885
142.323 7.99654
140.176 8.36961
137.905 8.94987
136.625 9.11355
137.836 12.1583
136.589 13.3948
133.986 11.7405
133.541 12.1706
132.898 13.8226
132.762 15.705
130.766 14.9296
130.47 17.4305
129.006 16.5461
128.311 19.6286
126.773 19.0553
123.931 23.3489
122.104 23.8225
120.211 24.7047
116.325 32.2435
115.677 27.4818
114.948 22.8991
111.971 25.0733
111.021 21.6999
110.823 19.5163
109.833 19.092
108.187 17.1387
107.821 16.0494
105.611 14.811
103.093 14.7428
99.3798 13.7634
101.316 10.8756
96.4679 9.98562
90.9019 9.2132
92.1703 6.46214
93.032 3.89691
85.6354 1.54662
86.4706 -1.07357
86.4706 -1.07357
92.8851 -3.02635
98.4312 -4.38672
102.866 -5.22663
102.295 -7.57416
105.45 -8.07078
108.549 -8.75679
110.404 -8.98011
112.209 -9.81891
115.907 -8.53833
116.772 -9.69371
116.772 -9.69371
117.466 -11.1873
119.143 -9.98774
119.583 -12.0102
120.929 -11.0771
122.122 -10.2719
123.083 -10.357
123.639 -12.7381
124.674 -12.5125
126.532 -12.6384
127.6 -12.983
128.751 -13.4966
130.144 -13.6658
131.77 -14.7811
131.943 -12.6631
134.239 -13.654
137.389 -14.9015
137.389 -14.9015
141.915 -16.5518
148.501 -18.88
148.927 -17.4797
158.454 -21.9151
173.507 -25.7672
169.173 -19.8572
158.937 -11.5923
157.084 -8.34231
156.343 -5.48638
149.525 -2.36167
149.178 -0.610113
