-31.1603 105.788
-21.8819 106.374
-9.68211 119.464
-23.805 141.378
-13.7637 130.709
-29.8983 127.168
-30.8391 115.507
-31.7277 112.571
-31.4257 108.245
-31.7776 104.755
-32.1804 99.9331
-32.3392 95.0326
-27.799 85.5222
-21.9687 75.8844
-15.8144 86.0753
-9.73746 92.6541
-6.54944 98.1106
-3.78338 105.585
-6.40221 113.185
-8.23881 108.397
-8.12465 112.245
-10.5599 115.44
-9.60094 122.41
-9.96021 120.917
-12.2692 127.465
-17.2704 141.358
-23.0972 159.059
-28.9895 135.399
-29.4982 123.648
-30.0443 119.671
-31.1638 116.272
-30.9338 112.826
-31.9133 111.698
-31.9558 108.982
-32.0751 106.581
-31.891 103.564
-31.8527 101.129
-33.4227 98.8913
-33.4581 94.7156
-34.0879 86.3451
-34.0088 73.7171
-33.8847 61.3766
-23.2315 74.2501
-17.4868 80.7039
-13.8926 84.5716
-10.5227 91.002
-10.3281 89.6511
-7.94962 94.9228
-4.47622 98.409
-2.738 102.901
-3.77369 104.082
-5.05316 106.742
-6.04313 108.132
-6.17941 110.911
-8.38958 110.216
-7.49741 113.512
-10.0417 113.845
-8.98217 116.261
-11.2512 116.942
-9.81412 122.2
-12.1847 124.245
-12.8859 127.337
-16.1941 133.185
-15.3464 131.094
-19.2359 145.727
-25.5506 157.184
-28.1158 134.846
-30.409 130.72
-29.789 122.806
-30.4786 120.576
-30.1924 116.351
-31.7792 115.083
-30.9998 112.063
-30.4678 110.368
-32.0339 110.168
-31.875 108.655
-32.0421 107.287
-32.6526 105.928
-31.2999 105.164
-32.2393 103.736
-33.2932 101.753
-33.3613 99.849
-31.9258 98.2148
-32.4523 94.6168
-32.9912 89.3911
-34.7358 81.5821
-36.059 69.498
-35.2688 61.9414
-27.3749 67.3668
-21.2277 75.3805
-17.3647 81.8592
-15.0137 87.1878
-12.4357 85.7857
-11.1243 89.3599
-8.49262 91.2364
-9.18462 94.2803
-5.69084 93.8385
-6.18515 96.8996
-3.2015 97.8578
-4.4007 100.892
-5.88501 103.073
-5.96377 105.553
