18.4215 129.914
26.4794 134.031
23.8735 138.419
19.2445 142.152
7.41621 152.345
4.84299 141.397
8.35409 132.616
9.06994 128.084
12.1147 121.781
17.005 108.64
22.6031 112.819
32.2047 118.755
38.1047 125.184
31.5677 129.756
28.9979 133.592
26.2322 134.578
24.8515 136.18
22.7708 138.032
21.2578 142.233
18.1047 145.314
15.4122 145.613
4.52277 156.359
3.43151 147.369
6.70836 138.272
7.36931 133.921
9.32078 130.348
9.00598 127.871
9.79491 126.653
10.5363 125.095
11.4248 122.36
13.3393 118.492
16.2488 107.971
22.4032 103.026
27.2012 108.889
29.1355 115.959
32.1276 119.396
38.134 122.358
40.2419 121.679
31.5677 129.756
29.5097 131.159
29.2183 133.32
27.8956 135.031
25.4743 135.581
24.226 136.771
22.9569 137.901
22.3351 141.005
20.5212 140.441
18.9607 142.031
16.0549 144.965
12.408 150.283
5.8596 157.028
-1.53502 161.945
2.57923 147.026
6.09806 139.429
5.82488 136.982
6.6399 134.407
7.29583 132.397
8.56458 130.735
8.99136 129.176
9.12983 127.455
10.0798 126.065
10.8137 124.487
10.919 122.182
11.9079 120.393
12.8728 118.475
14.2714 116.385
16.502 107.915
21.2292 102.648
24.9173 108.226
26.344 111.894
27.8949 114.468
30.3884 116.755
32.4696 119.094
38.3463 119.443
35.7297 124.949
32.4338 128.632
