762 223
851 293
902 614
821 232
795 711
159 38
674 800
67 731
469 762
662 194
348 302
643 816
294 106
289 832
19 180
149 255
874 839
43 987
543 940
649 64
392 330
748 19
647 169
656 771
434 683
42 476
74 132
680 701
369 676
787 645
119 66
643 746
358 803
404 682
269 499
457 293
466 644
246 978
628 741
554 498
399 164
436 554
673 623
588 797
893 279
654 153
558 183
539 976
790 740
257 986
607 829
756 41
546 724
556 21
886 213
793 705
500 150
436 222
961 592
880 598
875 926
681 492
743 891
180 34
402 449
391 875
590 23
218 642
280 819
198 850
504 840
565 8
529 529
875 102
417 879
459 818
139 567
813 166
891 344
142 688
9 371
448 389
755 204
516 186
436 48
701 539
297 135
295 864
861 524
664 420
867 115
157 79
860 26
232 279
186 643
161 459
853 585
843 168
371 977
409 671
901 940
672 687
816 402
30 551
529 72
259 999
565 652
271 527
640 537
436 463
12 759
134 545
452 812
840 452
217 745
657 315
685 662
263 262
350 432
514 958
149 980
428 958
736 940
720 753
661 969
233 23
328 377
884 596
287 948
712 546
268 162
180 317
146 559
939 831
923 577
188 30
457 697
252 787
180 912
656 29
460 837
509 21
760 212
467 10
118 528
578 584
771 980
59 325
533 847
474 260
831 678
419 86
77 311
819 573
593 995
391 378
229 826
163 658
202 766
564 637
896 961
798 72
247 368
838 971
214 149
191 548
570 135
735 965
985 853
599 164
246 707
398 506
512 267
168 431
55 799
550 236
159 598
117 808
648 590
451 31
140 961
951 991
907 603
361 189
276 459
538 848
845 520
613 100
436 358
813 203
455 632
497 854
793 896
286 962
198 397
300 337
385 493
700 717
347 995
448 261
399 442
963 673
364 235
130 296
787 475
931 669
273 537
869 453
575 486
369 764
392 870
944 97
211 286
925 991
130 783
76 133
690 218
442 56
284 908
975 447
699 635
898 591
119 649
363 208
633 641
743 48
160 40
871 271
627 63
890 603
0 694
485 205
605 682
624 243
285 618
867 351
965 494
168 328
335 57
67 511
750 273
559 477
700 500
266 35
369 182
476 714
205 712
612 861
951 531
468 547
318 933
686 25
657 651
743 839
306 640
995 738
528 469
817 547
717 98
240 13
989 179
570 316
424 614
856 933
426 940
479 648
73 519
9 469
806 275
398 382
616 839
629 945
453 422
294 586
651 9
298 46
158 927
605 234
146 200
474 469
308 190
703 59
740 989
571 364
262 245
526 348
817 46
840 404
902 35
845 522
909 361
174 188
901 10
859 122
827 293
488 733
998 969
38 586
712 522
804 372
991 82
758 425
36 748
196 603
67 781
334 347
173 76
766 177
899 883
158 238
659 742
13 437
320 372
388 943
189 316
69 607
82 410
342 669
298 921
426 247
332 843
241 421
857 399
130 731
413 411
102 900
338 418
158 509
145 135
735 369
570 595
421 627
279 564
766 432
435 566
489 486
128 46
287 168
346 765
16 556
366 329
601 30
528 682
429 94
771 404
609 703
225 72
540 746
373 984
367 203
15 707
738 689
545 85
807 844
64 699
874 34
493 550
417 147
932 222
25 782
540 192
313 155
96 787
107 186
814 287
792 764
806 391
683 209
253 297
913 73
867 220
544 767
417 625
549 67
455 981
74 383
221 926
536 460
256 35
425 157
936 961
698 732
848 459
302 308
581 730
494 8
650 134
96 802
419 747
614 742
737 392
633 687
702 972
205 490
889 601
262 850
660 901
587 860
684 7
731 4
209 767
53 935
279 505
228 707
827 284
235 419
458 214
685 936
687 34
792 181
75 60
315 137
26 412
509 426
595 386
568 528
168 969
103 975
120 190
331 658
625 475
116 180
497 695
374 280
303 993
154 301
934 549
671 106
194 206
56 848
61 740
39 23
380 767
466 545
46 301
30 655
685 201
505 240
240 877
77 929
263 137
849 218
321 692
882 61
443 97
130 68
370 6
599 155
115 538
48 196
128 205
36 842
694 517
963 112
573 54
792 698
400 625
56 900
597 136
428 754
942 848
181 936
10 376
865 267
534 529
296 543
480 367
61 811
765 120
593 138
353 546
986 459
663 25
260 843
554 321
486 921
444 89
505 826
972 297
844 383
149 629
667 268
412 203
977 674
58 345
812 31
940 234
280 228
663 83
959 447
560 176
855 746
819 861
636 716
985 778
544 815
824 366
232 186
278 151
817 455
925 937
347 31
198 950
996 5
287 644
264 408
182 189
568 629
595 379
960 717
49 314
365 19
310 979
607 640
860 750
76 394
766 511
702 51
726 389
381 6
614 503
759 255
958 871
47 419
118 196
636 933
828 194
868 435
480 509
185 880
750 950
410 484
404 397
229 761
861 431
844 663
77 554
181 882
230 455
950 178
618 807
673 140
98 730
844 719
326 243
205 913
974 336
404 395
249 488
57 434
675 54
255 320
460 637
737 251
7 36
557 187
448 349
854 410
994 489
710 743
424 38
147 883
594 443
337 480
595 626
625 479
744 951
881 609
667 929
483 152
105 127
610 943
848 597
507 415
766 599
345 827
6 693
107 766
876 831
881 844
91 59
149 831
148 381
679 75
722 318
20 979
308 872
15 157
642 504
272 891
324 445
557 508
888 649
958 603
122 390
173 574
736 906
230 25
166 854
307 476
768 563
259 187
367 366
372 220
774 126
870 174
853 899
314 768
309 985
651 32
837 494
44 901
188 696
170 967
120 906
812 789
70 833
656 367
307 730
439 278
307 694
796 200
505 392
281 577
790 190
147 294
796 7
182 579
453 597
660 88
296 866
474 207
245 399
212 873
656 643
674 386
963 849
858 970
471 149
49 581
43 392
252 693
977 122
812 271
892 952
161 724
487 550
198 368
794 14
773 960
142 42
460 351
508 102
409 314
144 114
906 182
132 126
552 366
162 54
477 393
985 209
915 738
453 565
351 130
576 997
198 412
765 886
110 663
135 374
648 434
421 557
765 458
936 569
711 815
800 509
489 808
100 529
9 364
457 312
229 332
334 845
652 917
261 160
95 329
387 992
783 592
932 473
537 475
529 536
935 74
915 980
784 830
957 640
308 897
37 446
288 493
627 998
153 459
869 103
119 501
394 157
335 886
581 180
758 976
565 20
978 845
195 989
995 754
395 981
523 2
159 880
681 583
208 231
956 86
30 748
510 547
706 781
135 10
474 719
428 689
285 884
904 826
136 312
217 557
376 633
606 405
600 317
256 89
877 497
934 214
224 919
293 355
460 343
95 726
217 457
708 789
353 401
87 616
665 285
403 197
978 547
357 667
336 254
483 411
858 387
965 91
667 159
955 958
144 267
368 393
692 483
221 438
17 251
217 878
751 731
504 851
865 316
889 948
846 675
836 933
190 670
243 566
775 109
841 138
134 851
257 971
745 444
448 475
644 985
989 110
330 34
96 375
127 244
321 473
348 355
410 719
571 449
808 781
771 360
61 128
462 100
2 483
961 245
636 724
723 100
484 639
842 299
755 146
667 970
621 64
560 95
766 817
279 541
938 481
544 65
585 608
439 593
764 787
659 581
425 226
630 427
485 625
463 190
914 914
276 310
70 914
939 718
622 259
251 634
763 779
558 399
613 243
570 80
405 106
201 405
847 931
325 511
928 596
104 394
468 952
635 954
955 744
909 73
628 757
7 823
955 850
941 795
736 911
175 489
944 728
145 693
167 312
888 231
757 144
414 624
241 749
8 531
644 873
702 495
896 704
722 76
728 933
629 244
241 406
230 621
98 774
788 444
576 521
55 948
461 925
81 847
754 240
547 780
818 756
981 417
161 546
622 539
380 638
757 460
115 39
831 684
741 194
930 451
890 695
377 821
607 732
225 824
918 272
755 378
700 611
916 223
391 340
121 761
751 636
735 712
731 33
889 757
216 541
643 993
694 648
63 491
540 651
6 570
341 751
258 344
826 557
409 856
946 663
220 401
455 198
401 298
931 134
973 633
715 199
198 911
659 182
673 702
450 603
15 894
328 956
566 404
45 10
405 284
883 537
271 289
958 198
172 770
715 229
540 671
511 385
373 300
457 543
119 373
307 877
654 860
341 686
776 390
979 985
280 500
185 204
514 433
499 803
663 703
9 958
91 176
347 681
678 281
153 197
968 529
623 591
521 323
775 655
872 543
335 564
449 984
532 351
76 178
631 549
228 234
207 177
93 859
351 433
666 998
506 823
374 905
756 163
489 395
483 558
957 47
358 194
762 543
764 881
902 580
217 36
953 219
324 654
289 305
428 655
553 618
436 548
839 574
540 143
398 214
715 75
257 653
610 156
873 474
650 916
825 798
665 232
199 305
841 445
78 273
25 893
362 334
328 486
292 551
727 381
591 705
646 566
578 826
194 792
639 97
886 23
330 400
463 401
294 700
164 982
981 629
670 289
87 593
957 428
245 725
771 91
382 55
917 608
617 902
294 279
188 523
94 754
