62 23
51 93
2 14
21 32
95 11
59 38
74 0
67 31
69 62
62 94
48 2
43 16
94 6
89 32
19 80
49 55
74 39
43 87
43 40
49 64
92 30
48 19
47 69
56 71
34 83
42 76
74 32
80 1
69 76
87 45
19 66
43 46
58 3
4 82
69 99
57 93
66 44
46 78
28 41
54 98
99 64
36 54
73 23
88 97
93 79
54 53
58 83
39 76
90 40
57 86
7 29
56 41
46 24
56 21
86 13
93 5
0 50
36 22
61 92
80 98
75 26
81 92
43 91
80 34
2 49
91 75
90 23
18 42
80 19
98 50
4 40
65 8
29 29
75 2
17 79
59 18
39 67
13 66
91 44
42 88
9 71
48 89
55 4
16 86
36 48
1 39
97 35
95 64
61 24
64 20
67 15
57 79
60 26
32 79
86 43
61 59
53 85
43 68
71 77
9 71
