25.977 97.1877
8.80672 78.7059
29.0778 37.2104
57.811 13.4817
88.9886 39.1197
69.6243 73.4855

-26.4225 169.863
-1.19328 98.7059
-38.5706 50.8116

-13.5728 -38.2101
77.811 -6.5183
118.596 -34.7012

-63.5728 -38.2101
27.811 -6.5183
20 30
-21.1933 58.7059

136.77 108.412
73.1646 110.38
100 80
136.217 57.9969

-6.4225 169.863
18.8067 98.7059
35.977 117.188
43.1646 120.38

200.226 -33.065
136.217 27.9969
144.14 65.4639

180.226 -28.065
116.217 32.9969
108.989 24.1197
77.811 -1.5183

116.77 138.412
53.1646 140.38
67.5558 160.782